/* 
* icl::protoip
* Author: asuardi <https://github.com/asuardi>
* Date: November - 2014
*/


#include "foo_data.h"


//row, column
static data_t_x_in dualH[X_OUT_LENGTH][X_IN_LENGTH]={
{0.4472279567004800400000000000000000000000,-0.0000000000000000318913252228560230000000,-0.4472279567004800400000000000000000000000,0.0000000000000000318913252228560230000000,-0.0079830721233983132000000000000000000000,-0.0000000000000000316844201119040330000000,0.0079830721233983132000000000000000000000,0.0000000000000000316844201119040330000000,-0.0079178539034621236000000000000000000000,-0.0000000000000000314819519026306870000000,0.0079178539034621236000000000000000000000,0.0000000000000000314819519026306870000000,-0.0078504169214309721000000000000000000000,-0.0000000000000000312863636471344920000000,0.0078504169214309721000000000000000000000,0.0000000000000000312863636471344920000000,-0.0077815537902182546000000000000000000000,-0.0000000000000000311012319649677090000000,0.0077815537902182546000000000000000000000,0.0000000000000000311012319649677090000000,0.0447227956700480130000000000000000000000,-0.0000000000000000031891325222856035000000,-0.0447227956700480130000000000000000000000,0.0000000000000000031891325222856035000000,0.0316415172211659550000000000000000000000,-0.0000000000000000045515256194503027000000,-0.0316415172211659550000000000000000000000,0.0000000000000000045515256194503027000000,0.0258572083963191440000000000000000000000,-0.0000000000000000056273593970745331000000,-0.0258572083963191440000000000000000000000,0.0000000000000000056273593970745331000000,0.0224192103721810830000000000000000000000,-0.0000000000000000065617899494495246000000,-0.0224192103721810830000000000000000000000,0.0000000000000000065617899494495246000000,0.0200827574975303120000000000000000000000,-0.0000000000000000074112115793583479000000,-0.0200827574975303120000000000000000000000,0.0000000000000000074112115793583479000000},
{-0.0000000000000000318913252228560170000000,0.4540460493788448500000000000000000000000,0.0000000000000000318913252228560170000000,-0.4540460493788448500000000000000000000000,-0.0000000000000000334746078255568320000000,-0.0060857525898478917000000000000000000000,0.0000000000000000334746078255568320000000,0.0060857525898478917000000000000000000000,-0.0000000000000000350493174984104060000000,-0.0060481402458198311000000000000000000000,0.0000000000000000350493174984104060000000,0.0060481402458198311000000000000000000000,-0.0000000000000000366047994786726960000000,-0.0060100759718439371000000000000000000000,0.0000000000000000366047994786726960000000,0.0060100759718439371000000000000000000000,-0.0000000000000000381187363590946040000000,-0.0059717471752839969000000000000000000000,0.0000000000000000381187363590946040000000,0.0059717471752839969000000000000000000000,-0.0000000000000000031891325222856027000000,0.0454046049378845000000000000000000000000,0.0000000000000000031891325222856027000000,-0.0454046049378845000000000000000000000000,-0.0000000000000000046978082722362656000000,0.0321436865377404470000000000000000000000,0.0000000000000000046978082722362656000000,-0.0321436865377404470000000000000000000000,-0.0000000000000000059912989194095920000000,0.0262817414579845300000000000000000000000,0.0000000000000000059912989194095920000000,-0.0262817414579845300000000000000000000000,-0.0000000000000000072016883141141161000000,0.0227975421871517150000000000000000000000,0.0000000000000000072016883141141161000000,-0.0227975421871517150000000000000000000000,-0.0000000000000000083784408042553014000000,0.0204287422400830710000000000000000000000,0.0000000000000000083784408042553014000000,-0.0204287422400830710000000000000000000000},
{-0.4472279567004800400000000000000000000000,0.0000000000000000318913252228560230000000,0.4472279567004800400000000000000000000000,-0.0000000000000000318913252228560230000000,0.0079830721233983132000000000000000000000,0.0000000000000000316844201119040330000000,-0.0079830721233983132000000000000000000000,-0.0000000000000000316844201119040330000000,0.0079178539034621236000000000000000000000,0.0000000000000000314819519026306870000000,-0.0079178539034621236000000000000000000000,-0.0000000000000000314819519026306870000000,0.0078504169214309721000000000000000000000,0.0000000000000000312863636471344920000000,-0.0078504169214309721000000000000000000000,-0.0000000000000000312863636471344920000000,0.0077815537902182546000000000000000000000,0.0000000000000000311012319649677090000000,-0.0077815537902182546000000000000000000000,-0.0000000000000000311012319649677090000000,-0.0447227956700480130000000000000000000000,0.0000000000000000031891325222856035000000,0.0447227956700480130000000000000000000000,-0.0000000000000000031891325222856035000000,-0.0316415172211659550000000000000000000000,0.0000000000000000045515256194503027000000,0.0316415172211659550000000000000000000000,-0.0000000000000000045515256194503027000000,-0.0258572083963191440000000000000000000000,0.0000000000000000056273593970745331000000,0.0258572083963191440000000000000000000000,-0.0000000000000000056273593970745331000000,-0.0224192103721810830000000000000000000000,0.0000000000000000065617899494495246000000,0.0224192103721810830000000000000000000000,-0.0000000000000000065617899494495246000000,-0.0200827574975303120000000000000000000000,0.0000000000000000074112115793583479000000,0.0200827574975303120000000000000000000000,-0.0000000000000000074112115793583479000000},
{0.0000000000000000318913252228560170000000,-0.4540460493788448500000000000000000000000,-0.0000000000000000318913252228560170000000,0.4540460493788448500000000000000000000000,0.0000000000000000334746078255568320000000,0.0060857525898478917000000000000000000000,-0.0000000000000000334746078255568320000000,-0.0060857525898478917000000000000000000000,0.0000000000000000350493174984104060000000,0.0060481402458198311000000000000000000000,-0.0000000000000000350493174984104060000000,-0.0060481402458198311000000000000000000000,0.0000000000000000366047994786726960000000,0.0060100759718439371000000000000000000000,-0.0000000000000000366047994786726960000000,-0.0060100759718439371000000000000000000000,0.0000000000000000381187363590946040000000,0.0059717471752839969000000000000000000000,-0.0000000000000000381187363590946040000000,-0.0059717471752839969000000000000000000000,0.0000000000000000031891325222856027000000,-0.0454046049378845000000000000000000000000,-0.0000000000000000031891325222856027000000,0.0454046049378845000000000000000000000000,0.0000000000000000046978082722362656000000,-0.0321436865377404470000000000000000000000,-0.0000000000000000046978082722362656000000,0.0321436865377404470000000000000000000000,0.0000000000000000059912989194095920000000,-0.0262817414579845300000000000000000000000,-0.0000000000000000059912989194095920000000,0.0262817414579845300000000000000000000000,0.0000000000000000072016883141141161000000,-0.0227975421871517150000000000000000000000,-0.0000000000000000072016883141141161000000,0.0227975421871517150000000000000000000000,0.0000000000000000083784408042553014000000,-0.0204287422400830710000000000000000000000,-0.0000000000000000083784408042553014000000,0.0204287422400830710000000000000000000000},
{-0.0079830721233983114000000000000000000000,-0.0000000000000000334746078255568260000000,0.0079830721233983114000000000000000000000,0.0000000000000000334746078255568260000000,0.4513021137649672100000000000000000000000,-0.0000000000000000332779287101148210000000,-0.4513021137649672100000000000000000000000,0.0000000000000000332779287101148210000000,-0.0079114874667363926000000000000000000000,-0.0000000000000000330859241406588830000000,0.0079114874667363926000000000000000000000,0.0000000000000000330859241406588830000000,-0.0078465298813901411000000000000000000000,-0.0000000000000000329010742337143030000000,0.0078465298813901411000000000000000000000,0.0000000000000000329010742337143030000000,-0.0077794131586467726000000000000000000000,-0.0000000000000000327270057545121640000000,0.0077794131586467726000000000000000000000,0.0000000000000000327270057545121640000000,-0.0007983072123398313200000000000000000000,-0.0000000000000000033474607825556837000000,0.0007983072123398313200000000000000000000,0.0000000000000000033474607825556837000000,0.0317905153416984940000000000000000000000,-0.0000000000000000047789557141633889000000,-0.0317905153416984940000000000000000000000,0.0000000000000000047789557141633889000000,0.0259815620478049090000000000000000000000,-0.0000000000000000059103668996191204000000,-0.0259815620478049090000000000000000000000,0.0000000000000000059103668996191204000000,0.0225292049237969770000000000000000000000,-0.0000000000000000068939207166509363000000,-0.0225292049237969770000000000000000000000,0.0000000000000000068939207166509363000000,0.0201832018769936800000000000000000000000,-0.0000000000000000077887420043083564000000,-0.0201832018769936800000000000000000000000,0.0000000000000000077887420043083564000000},
{-0.0000000000000000316844201119040330000000,-0.0060857525898478917000000000000000000000,0.0000000000000000316844201119040330000000,0.0060857525898478917000000000000000000000,-0.0000000000000000332779287101148210000000,0.4581963573542343600000000000000000000000,0.0000000000000000332779287101148210000000,-0.4581963573542343600000000000000000000000,-0.0000000000000000348628544432141820000000,-0.0060590376379204905000000000000000000000,0.0000000000000000348628544432141820000000,0.0060590376379204905000000000000000000000,-0.0000000000000000364285447255941160000000,-0.0060214349692880031000000000000000000000,0.0000000000000000364285447255941160000000,0.0060214349692880031000000000000000000000,-0.0000000000000000379526984364906340000000,-0.0059834021834878496000000000000000000000,0.0000000000000000379526984364906340000000,0.0059834021834878496000000000000000000000,-0.0000000000000000031684420111904036000000,-0.0006085752589847893200000000000000000000,0.0000000000000000031684420111904036000000,0.0006085752589847893200000000000000000000,-0.0000000000000000046687997834234856000000,0.0322932127955214280000000000000000000000,0.0000000000000000046687997834234856000000,-0.0322932127955214280000000000000000000000,-0.0000000000000000059560834911820494000000,0.0264050149693338540000000000000000000000,0.0000000000000000059560834911820494000000,-0.0264050149693338540000000000000000000000,-0.0000000000000000071613903528766480000000,0.0229053415088238050000000000000000000000,0.0000000000000000071613903528766480000000,-0.0229053415088238050000000000000000000000,-0.0000000000000000083338006124716094000000,0.0205261142432395480000000000000000000000,0.0000000000000000083338006124716094000000,-0.0205261142432395480000000000000000000000},
{0.0079830721233983114000000000000000000000,0.0000000000000000334746078255568260000000,-0.0079830721233983114000000000000000000000,-0.0000000000000000334746078255568260000000,-0.4513021137649672100000000000000000000000,0.0000000000000000332779287101148210000000,0.4513021137649672100000000000000000000000,-0.0000000000000000332779287101148210000000,0.0079114874667363926000000000000000000000,0.0000000000000000330859241406588830000000,-0.0079114874667363926000000000000000000000,-0.0000000000000000330859241406588830000000,0.0078465298813901411000000000000000000000,0.0000000000000000329010742337143030000000,-0.0078465298813901411000000000000000000000,-0.0000000000000000329010742337143030000000,0.0077794131586467726000000000000000000000,0.0000000000000000327270057545121640000000,-0.0077794131586467726000000000000000000000,-0.0000000000000000327270057545121640000000,0.0007983072123398313200000000000000000000,0.0000000000000000033474607825556837000000,-0.0007983072123398313200000000000000000000,-0.0000000000000000033474607825556837000000,-0.0317905153416984940000000000000000000000,0.0000000000000000047789557141633889000000,0.0317905153416984940000000000000000000000,-0.0000000000000000047789557141633889000000,-0.0259815620478049090000000000000000000000,0.0000000000000000059103668996191204000000,0.0259815620478049090000000000000000000000,-0.0000000000000000059103668996191204000000,-0.0225292049237969770000000000000000000000,0.0000000000000000068939207166509363000000,0.0225292049237969770000000000000000000000,-0.0000000000000000068939207166509363000000,-0.0201832018769936800000000000000000000000,0.0000000000000000077887420043083564000000,0.0201832018769936800000000000000000000000,-0.0000000000000000077887420043083564000000},
{0.0000000000000000316844201119040330000000,0.0060857525898478917000000000000000000000,-0.0000000000000000316844201119040330000000,-0.0060857525898478917000000000000000000000,0.0000000000000000332779287101148210000000,-0.4581963573542343600000000000000000000000,-0.0000000000000000332779287101148210000000,0.4581963573542343600000000000000000000000,0.0000000000000000348628544432141820000000,0.0060590376379204905000000000000000000000,-0.0000000000000000348628544432141820000000,-0.0060590376379204905000000000000000000000,0.0000000000000000364285447255941160000000,0.0060214349692880031000000000000000000000,-0.0000000000000000364285447255941160000000,-0.0060214349692880031000000000000000000000,0.0000000000000000379526984364906340000000,0.0059834021834878496000000000000000000000,-0.0000000000000000379526984364906340000000,-0.0059834021834878496000000000000000000000,0.0000000000000000031684420111904036000000,0.0006085752589847893200000000000000000000,-0.0000000000000000031684420111904036000000,-0.0006085752589847893200000000000000000000,0.0000000000000000046687997834234856000000,-0.0322932127955214280000000000000000000000,-0.0000000000000000046687997834234856000000,0.0322932127955214280000000000000000000000,0.0000000000000000059560834911820494000000,-0.0264050149693338540000000000000000000000,-0.0000000000000000059560834911820494000000,0.0264050149693338540000000000000000000000,0.0000000000000000071613903528766480000000,-0.0229053415088238050000000000000000000000,-0.0000000000000000071613903528766480000000,0.0229053415088238050000000000000000000000,0.0000000000000000083338006124716094000000,-0.0205261142432395480000000000000000000000,-0.0000000000000000083338006124716094000000,0.0205261142432395480000000000000000000000},
{-0.0079178539034621253000000000000000000000,-0.0000000000000000350493174984104060000000,0.0079178539034621253000000000000000000000,0.0000000000000000350493174984104060000000,-0.0079114874667363926000000000000000000000,-0.0000000000000000348628544432141820000000,0.0079114874667363926000000000000000000000,0.0000000000000000348628544432141820000000,0.4553607166041113700000000000000000000000,-0.0000000000000000346812939686960120000000,-0.4553607166041113700000000000000000000000,0.0000000000000000346812939686960120000000,-0.0078408249766485152000000000000000000000,-0.0000000000000000345071485644300320000000,0.0078408249766485152000000000000000000000,0.0000000000000000345071485644300320000000,-0.0077762005834542550000000000000000000000,-0.0000000000000000343440881066272670000000,0.0077762005834542550000000000000000000000,0.0000000000000000343440881066272670000000,-0.0007917853903462126400000000000000000000,-0.0000000000000000035049317498410415000000,0.0007917853903462126400000000000000000000,0.0000000000000000035049317498410415000000,-0.0011377060558940902000000000000000000000,-0.0000000000000000050051575987746029000000,0.0011377060558940902000000000000000000000,0.0000000000000000050051575987746029000000,0.0261084204220710870000000000000000000000,-0.0000000000000000061918495686262166000000,-0.0261084204220710870000000000000000000000,0.0000000000000000061918495686262166000000,0.0226415058416089100000000000000000000000,-0.0000000000000000072242652645449447000000,-0.0226415058416089100000000000000000000000,0.0000000000000000072242652645449447000000,0.0202858011071544680000000000000000000000,-0.0000000000000000081642444772924654000000,-0.0202858011071544680000000000000000000000,0.0000000000000000081642444772924654000000},
{-0.0000000000000000314819519026306810000000,-0.0060481402458198302000000000000000000000,0.0000000000000000314819519026306810000000,0.0060481402458198302000000000000000000000,-0.0000000000000000330859241406588830000000,-0.0060590376379204905000000000000000000000,0.0000000000000000330859241406588830000000,0.0060590376379204905000000000000000000000,-0.0000000000000000346812939686960120000000,0.4623545793090057500000000000000000000000,0.0000000000000000346812939686960120000000,-0.4623545793090057500000000000000000000000,-0.0000000000000000362574140677732950000000,-0.0060327402883560361000000000000000000000,0.0000000000000000362574140677732950000000,0.0060327402883560361000000000000000000000,-0.0000000000000000377920067699848540000000,-0.0059951709318023837000000000000000000000,0.0000000000000000377920067699848540000000,0.0059951709318023837000000000000000000000,-0.0000000000000000031481951902630692000000,-0.0006048140245819832200000000000000000000,0.0000000000000000031481951902630692000000,0.0006048140245819832200000000000000000000,-0.0000000000000000046404461259269936000000,-0.0008667711157268675500000000000000000000,0.0000000000000000046404461259269936000000,0.0008667711157268675500000000000000000000,-0.0000000000000000059217042066837753000000,0.0265308398400124070000000000000000000000,0.0000000000000000059217042066837753000000,-0.0265308398400124070000000000000000000000,-0.0000000000000000071220982686929972000000,0.0230153868224102080000000000000000000000,0.0000000000000000071220982686929972000000,-0.0230153868224102080000000000000000000000,-0.0000000000000000082903317071869756000000,0.0206255210085926140000000000000000000000,0.0000000000000000082903317071869756000000,-0.0206255210085926140000000000000000000000},
{0.0079178539034621253000000000000000000000,0.0000000000000000350493174984104060000000,-0.0079178539034621253000000000000000000000,-0.0000000000000000350493174984104060000000,0.0079114874667363926000000000000000000000,0.0000000000000000348628544432141820000000,-0.0079114874667363926000000000000000000000,-0.0000000000000000348628544432141820000000,-0.4553607166041113700000000000000000000000,0.0000000000000000346812939686960120000000,0.4553607166041113700000000000000000000000,-0.0000000000000000346812939686960120000000,0.0078408249766485152000000000000000000000,0.0000000000000000345071485644300320000000,-0.0078408249766485152000000000000000000000,-0.0000000000000000345071485644300320000000,0.0077762005834542550000000000000000000000,0.0000000000000000343440881066272670000000,-0.0077762005834542550000000000000000000000,-0.0000000000000000343440881066272670000000,0.0007917853903462126400000000000000000000,0.0000000000000000035049317498410415000000,-0.0007917853903462126400000000000000000000,-0.0000000000000000035049317498410415000000,0.0011377060558940902000000000000000000000,0.0000000000000000050051575987746029000000,-0.0011377060558940902000000000000000000000,-0.0000000000000000050051575987746029000000,-0.0261084204220710870000000000000000000000,0.0000000000000000061918495686262166000000,0.0261084204220710870000000000000000000000,-0.0000000000000000061918495686262166000000,-0.0226415058416089100000000000000000000000,0.0000000000000000072242652645449447000000,0.0226415058416089100000000000000000000000,-0.0000000000000000072242652645449447000000,-0.0202858011071544680000000000000000000000,0.0000000000000000081642444772924654000000,0.0202858011071544680000000000000000000000,-0.0000000000000000081642444772924654000000},
{0.0000000000000000314819519026306810000000,0.0060481402458198302000000000000000000000,-0.0000000000000000314819519026306810000000,-0.0060481402458198302000000000000000000000,0.0000000000000000330859241406588830000000,0.0060590376379204905000000000000000000000,-0.0000000000000000330859241406588830000000,-0.0060590376379204905000000000000000000000,0.0000000000000000346812939686960120000000,-0.4623545793090057500000000000000000000000,-0.0000000000000000346812939686960120000000,0.4623545793090057500000000000000000000000,0.0000000000000000362574140677732950000000,0.0060327402883560361000000000000000000000,-0.0000000000000000362574140677732950000000,-0.0060327402883560361000000000000000000000,0.0000000000000000377920067699848540000000,0.0059951709318023837000000000000000000000,-0.0000000000000000377920067699848540000000,-0.0059951709318023837000000000000000000000,0.0000000000000000031481951902630692000000,0.0006048140245819832200000000000000000000,-0.0000000000000000031481951902630692000000,-0.0006048140245819832200000000000000000000,0.0000000000000000046404461259269936000000,0.0008667711157268675500000000000000000000,-0.0000000000000000046404461259269936000000,-0.0008667711157268675500000000000000000000,0.0000000000000000059217042066837753000000,-0.0265308398400124070000000000000000000000,-0.0000000000000000059217042066837753000000,0.0265308398400124070000000000000000000000,0.0000000000000000071220982686929972000000,-0.0230153868224102080000000000000000000000,-0.0000000000000000071220982686929972000000,0.0230153868224102080000000000000000000000,0.0000000000000000082903317071869756000000,-0.0206255210085926140000000000000000000000,-0.0000000000000000082903317071869756000000,0.0206255210085926140000000000000000000000},
{-0.0078504169214309739000000000000000000000,-0.0000000000000000366047994786727020000000,0.0078504169214309739000000000000000000000,0.0000000000000000366047994786727020000000,-0.0078465298813901411000000000000000000000,-0.0000000000000000364285447255941160000000,0.0078465298813901411000000000000000000000,0.0000000000000000364285447255941160000000,-0.0078408249766485152000000000000000000000,-0.0000000000000000362574140677732890000000,0.0078408249766485152000000000000000000000,0.0000000000000000362574140677732890000000,0.4594083831230489400000000000000000000000,-0.0000000000000000360939495178863840000000,-0.4594083831230489400000000000000000000000,0.0000000000000000360939495178863840000000,-0.0077712420110043210000000000000000000000,-0.0000000000000000359418598371970950000000,0.0077712420110043210000000000000000000000,0.0000000000000000359418598371970950000000,-0.0007850416921430973900000000000000000000,-0.0000000000000000036604799478672708000000,0.0007850416921430973900000000000000000000,0.0000000000000000036604799478672708000000,-0.0011281900477753764000000000000000000000,-0.0000000000000000052286058446857326000000,0.0011281900477753764000000000000000000000,0.0000000000000000052286058446857326000000,-0.0014045811625310993000000000000000000000,-0.0000000000000000064699157409667886000000,0.0014045811625310993000000000000000000000,0.0000000000000000064699157409667886000000,0.0227562700579528420000000000000000000000,-0.0000000000000000075506116226856281000000,-0.0227562700579528420000000000000000000000,0.0000000000000000075506116226856281000000,0.0203907303328658240000000000000000000000,-0.0000000000000000085352143904680073000000,-0.0203907303328658240000000000000000000000,0.0000000000000000085352143904680073000000},
{-0.0000000000000000312863636471344920000000,-0.0060100759718439371000000000000000000000,0.0000000000000000312863636471344920000000,0.0060100759718439371000000000000000000000,-0.0000000000000000329010742337143030000000,-0.0060214349692880031000000000000000000000,0.0000000000000000329010742337143030000000,0.0060214349692880031000000000000000000000,-0.0000000000000000345071485644300320000000,-0.0060327402883560361000000000000000000000,0.0000000000000000345071485644300320000000,0.0060327402883560361000000000000000000000,-0.0000000000000000360939495178863840000000,0.4665236345896573400000000000000000000000,0.0000000000000000360939495178863840000000,-0.4665236345896573400000000000000000000000,-0.0000000000000000376392342069741210000000,-0.0060069127071874463000000000000000000000,0.0000000000000000376392342069741210000000,0.0060069127071874463000000000000000000000,-0.0000000000000000031286363647134497000000,-0.0006010075971843939200000000000000000000,0.0000000000000000031286363647134497000000,0.0006010075971843939200000000000000000000,-0.0000000000000000046131011376876661000000,-0.0008613539206619903600000000000000000000,0.0000000000000000046131011376876661000000,0.0008613539206619903600000000000000000000,-0.0000000000000000058886047588329618000000,-0.0010693665409982922000000000000000000000,0.0000000000000000058886047588329618000000,0.0010693665409982922000000000000000000000,-0.0000000000000000070843365743626188000000,0.0231277858332401410000000000000000000000,0.0000000000000000070843365743626188000000,-0.0231277858332401410000000000000000000000,-0.0000000000000000082486346546550206000000,0.0207270669315485840000000000000000000000,0.0000000000000000082486346546550206000000,-0.0207270669315485840000000000000000000000},
{0.0078504169214309739000000000000000000000,0.0000000000000000366047994786727020000000,-0.0078504169214309739000000000000000000000,-0.0000000000000000366047994786727020000000,0.0078465298813901411000000000000000000000,0.0000000000000000364285447255941160000000,-0.0078465298813901411000000000000000000000,-0.0000000000000000364285447255941160000000,0.0078408249766485152000000000000000000000,0.0000000000000000362574140677732890000000,-0.0078408249766485152000000000000000000000,-0.0000000000000000362574140677732890000000,-0.4594083831230489400000000000000000000000,0.0000000000000000360939495178863840000000,0.4594083831230489400000000000000000000000,-0.0000000000000000360939495178863840000000,0.0077712420110043210000000000000000000000,0.0000000000000000359418598371970950000000,-0.0077712420110043210000000000000000000000,-0.0000000000000000359418598371970950000000,0.0007850416921430973900000000000000000000,0.0000000000000000036604799478672708000000,-0.0007850416921430973900000000000000000000,-0.0000000000000000036604799478672708000000,0.0011281900477753764000000000000000000000,0.0000000000000000052286058446857326000000,-0.0011281900477753764000000000000000000000,-0.0000000000000000052286058446857326000000,0.0014045811625310993000000000000000000000,0.0000000000000000064699157409667886000000,-0.0014045811625310993000000000000000000000,-0.0000000000000000064699157409667886000000,-0.0227562700579528420000000000000000000000,0.0000000000000000075506116226856281000000,0.0227562700579528420000000000000000000000,-0.0000000000000000075506116226856281000000,-0.0203907303328658240000000000000000000000,0.0000000000000000085352143904680073000000,0.0203907303328658240000000000000000000000,-0.0000000000000000085352143904680073000000},
{0.0000000000000000312863636471344920000000,0.0060100759718439371000000000000000000000,-0.0000000000000000312863636471344920000000,-0.0060100759718439371000000000000000000000,0.0000000000000000329010742337143030000000,0.0060214349692880031000000000000000000000,-0.0000000000000000329010742337143030000000,-0.0060214349692880031000000000000000000000,0.0000000000000000345071485644300320000000,0.0060327402883560361000000000000000000000,-0.0000000000000000345071485644300320000000,-0.0060327402883560361000000000000000000000,0.0000000000000000360939495178863840000000,-0.4665236345896573400000000000000000000000,-0.0000000000000000360939495178863840000000,0.4665236345896573400000000000000000000000,0.0000000000000000376392342069741210000000,0.0060069127071874463000000000000000000000,-0.0000000000000000376392342069741210000000,-0.0060069127071874463000000000000000000000,0.0000000000000000031286363647134497000000,0.0006010075971843939200000000000000000000,-0.0000000000000000031286363647134497000000,-0.0006010075971843939200000000000000000000,0.0000000000000000046131011376876661000000,0.0008613539206619903600000000000000000000,-0.0000000000000000046131011376876661000000,-0.0008613539206619903600000000000000000000,0.0000000000000000058886047588329618000000,0.0010693665409982922000000000000000000000,-0.0000000000000000058886047588329618000000,-0.0010693665409982922000000000000000000000,0.0000000000000000070843365743626188000000,-0.0231277858332401410000000000000000000000,-0.0000000000000000070843365743626188000000,0.0231277858332401410000000000000000000000,0.0000000000000000082486346546550206000000,-0.0207270669315485840000000000000000000000,-0.0000000000000000082486346546550206000000,0.0207270669315485840000000000000000000000},
{-0.0077815537902182538000000000000000000000,-0.0000000000000000381187363590946100000000,0.0077815537902182538000000000000000000000,0.0000000000000000381187363590946100000000,-0.0077794131586467734000000000000000000000,-0.0000000000000000379526984364906340000000,0.0077794131586467734000000000000000000000,0.0000000000000000379526984364906340000000,-0.0077762005834542550000000000000000000000,-0.0000000000000000377920067699848540000000,0.0077762005834542550000000000000000000000,0.0000000000000000377920067699848540000000,-0.0077712420110043210000000000000000000000,-0.0000000000000000376392342069741150000000,0.0077712420110043210000000000000000000000,0.0000000000000000376392342069741150000000,0.4634486974822032400000000000000000000000,-0.0000000000000000374981305092642410000000,-0.4634486974822032400000000000000000000000,0.0000000000000000374981305092642410000000,-0.0007781553790218256400000000000000000000,-0.0000000000000000038118736359094615000000,0.0007781553790218256400000000000000000000,0.0000000000000000038118736359094615000000,-0.0011184164689980714000000000000000000000,-0.0000000000000000054461061352030547000000,0.0011184164689980714000000000000000000000,0.0000000000000000054461061352030547000000,-0.0013926093271073184000000000000000000000,-0.0000000000000000067406052668092318000000,0.0013926093271073184000000000000000000000,0.0000000000000000067406052668092318000000,-0.0016354480516360490000000000000000000000,-0.0000000000000000078683304097580700000000,0.0016354480516360490000000000000000000000,0.0000000000000000078683304097580700000000,0.0204980703290283920000000000000000000000,-0.0000000000000000088964115044162094000000,-0.0204980703290283920000000000000000000000,0.0000000000000000088964115044162094000000},
{-0.0000000000000000311012319649677090000000,-0.0059717471752839960000000000000000000000,0.0000000000000000311012319649677090000000,0.0059717471752839960000000000000000000000,-0.0000000000000000327270057545121700000000,-0.0059834021834878496000000000000000000000,0.0000000000000000327270057545121700000000,0.0059834021834878496000000000000000000000,-0.0000000000000000343440881066272670000000,-0.0059951709318023837000000000000000000000,0.0000000000000000343440881066272670000000,0.0059951709318023837000000000000000000000,-0.0000000000000000359418598371970950000000,-0.0060069127071874454000000000000000000000,0.0000000000000000359418598371970950000000,0.0060069127071874454000000000000000000000,-0.0000000000000000374981305092642350000000,0.4707063116381506900000000000000000000000,0.0000000000000000374981305092642350000000,-0.4707063116381506900000000000000000000000,-0.0000000000000000031101231964967709000000,-0.0005971747175283997700000000000000000000,0.0000000000000000031101231964967709000000,0.0005971747175283997700000000000000000000,-0.0000000000000000045872825409687788000000,-0.0008558870216308018000000000000000000000,0.0000000000000000045872825409687788000000,0.0008558870216308018000000000000000000000,-0.0000000000000000058574339677819581000000,-0.0010626218262211841000000000000000000000,0.0000000000000000058574339677819581000000,0.0010626218262211841000000000000000000000,-0.0000000000000000070488718320077894000000,-0.0012441824611470421000000000000000000000,0.0000000000000000070488718320077894000000,0.0012441824611470421000000000000000000000,-0.0000000000000000082095866742316447000000,0.0208308371352916720000000000000000000000,0.0000000000000000082095866742316447000000,-0.0208308371352916720000000000000000000000},
{0.0077815537902182538000000000000000000000,0.0000000000000000381187363590946100000000,-0.0077815537902182538000000000000000000000,-0.0000000000000000381187363590946100000000,0.0077794131586467734000000000000000000000,0.0000000000000000379526984364906340000000,-0.0077794131586467734000000000000000000000,-0.0000000000000000379526984364906340000000,0.0077762005834542550000000000000000000000,0.0000000000000000377920067699848540000000,-0.0077762005834542550000000000000000000000,-0.0000000000000000377920067699848540000000,0.0077712420110043210000000000000000000000,0.0000000000000000376392342069741150000000,-0.0077712420110043210000000000000000000000,-0.0000000000000000376392342069741150000000,-0.4634486974822032400000000000000000000000,0.0000000000000000374981305092642410000000,0.4634486974822032400000000000000000000000,-0.0000000000000000374981305092642410000000,0.0007781553790218256400000000000000000000,0.0000000000000000038118736359094615000000,-0.0007781553790218256400000000000000000000,-0.0000000000000000038118736359094615000000,0.0011184164689980714000000000000000000000,0.0000000000000000054461061352030547000000,-0.0011184164689980714000000000000000000000,-0.0000000000000000054461061352030547000000,0.0013926093271073184000000000000000000000,0.0000000000000000067406052668092318000000,-0.0013926093271073184000000000000000000000,-0.0000000000000000067406052668092318000000,0.0016354480516360490000000000000000000000,0.0000000000000000078683304097580700000000,-0.0016354480516360490000000000000000000000,-0.0000000000000000078683304097580700000000,-0.0204980703290283920000000000000000000000,0.0000000000000000088964115044162094000000,0.0204980703290283920000000000000000000000,-0.0000000000000000088964115044162094000000},
{0.0000000000000000311012319649677090000000,0.0059717471752839960000000000000000000000,-0.0000000000000000311012319649677090000000,-0.0059717471752839960000000000000000000000,0.0000000000000000327270057545121700000000,0.0059834021834878496000000000000000000000,-0.0000000000000000327270057545121700000000,-0.0059834021834878496000000000000000000000,0.0000000000000000343440881066272670000000,0.0059951709318023837000000000000000000000,-0.0000000000000000343440881066272670000000,-0.0059951709318023837000000000000000000000,0.0000000000000000359418598371970950000000,0.0060069127071874454000000000000000000000,-0.0000000000000000359418598371970950000000,-0.0060069127071874454000000000000000000000,0.0000000000000000374981305092642350000000,-0.4707063116381506900000000000000000000000,-0.0000000000000000374981305092642350000000,0.4707063116381506900000000000000000000000,0.0000000000000000031101231964967709000000,0.0005971747175283997700000000000000000000,-0.0000000000000000031101231964967709000000,-0.0005971747175283997700000000000000000000,0.0000000000000000045872825409687788000000,0.0008558870216308018000000000000000000000,-0.0000000000000000045872825409687788000000,-0.0008558870216308018000000000000000000000,0.0000000000000000058574339677819581000000,0.0010626218262211841000000000000000000000,-0.0000000000000000058574339677819581000000,-0.0010626218262211841000000000000000000000,0.0000000000000000070488718320077894000000,0.0012441824611470421000000000000000000000,-0.0000000000000000070488718320077894000000,-0.0012441824611470421000000000000000000000,0.0000000000000000082095866742316447000000,-0.0208308371352916720000000000000000000000,-0.0000000000000000082095866742316447000000,0.0208308371352916720000000000000000000000},
{0.0447227956700480060000000000000000000000,-0.0000000000000000031891325222856027000000,-0.0447227956700480060000000000000000000000,0.0000000000000000031891325222856027000000,-0.0007983072123398313200000000000000000000,-0.0000000000000000031684420111904036000000,0.0007983072123398313200000000000000000000,0.0000000000000000031684420111904036000000,-0.0007917853903462125300000000000000000000,-0.0000000000000000031481951902630688000000,0.0007917853903462125300000000000000000000,0.0000000000000000031481951902630688000000,-0.0007850416921430975000000000000000000000,-0.0000000000000000031286363647134497000000,0.0007850416921430975000000000000000000000,0.0000000000000000031286363647134497000000,-0.0007781553790218256400000000000000000000,-0.0000000000000000031101231964967713000000,0.0007781553790218256400000000000000000000,0.0000000000000000031101231964967713000000,0.0044722795670048016000000000000000000000,-0.0000000000000000003189132522285603500000,-0.0044722795670048016000000000000000000000,0.0000000000000000003189132522285603500000,0.0031641517221165966000000000000000000000,-0.0000000000000000004551525619450303300000,-0.0031641517221165966000000000000000000000,0.0000000000000000004551525619450303300000,0.0025857208396319149000000000000000000000,-0.0000000000000000005627359397074534100000,-0.0025857208396319149000000000000000000000,0.0000000000000000005627359397074534100000,0.0022419210372181084000000000000000000000,-0.0000000000000000006561789949449526100000,-0.0022419210372181084000000000000000000000,0.0000000000000000006561789949449526100000,0.0020082757497530317000000000000000000000,-0.0000000000000000007411211579358350200000,-0.0020082757497530317000000000000000000000,0.0000000000000000007411211579358350200000},
{-0.0000000000000000031891325222856027000000,0.0454046049378845000000000000000000000000,0.0000000000000000031891325222856027000000,-0.0454046049378845000000000000000000000000,-0.0000000000000000033474607825556837000000,-0.0006085752589847893200000000000000000000,0.0000000000000000033474607825556837000000,0.0006085752589847893200000000000000000000,-0.0000000000000000035049317498410415000000,-0.0006048140245819832200000000000000000000,0.0000000000000000035049317498410415000000,0.0006048140245819832200000000000000000000,-0.0000000000000000036604799478672716000000,-0.0006010075971843939200000000000000000000,0.0000000000000000036604799478672716000000,0.0006010075971843939200000000000000000000,-0.0000000000000000038118736359094622000000,-0.0005971747175283997700000000000000000000,0.0000000000000000038118736359094622000000,0.0005971747175283997700000000000000000000,-0.0000000000000000003189132522285603000000,0.0045404604937884516000000000000000000000,0.0000000000000000003189132522285603000000,-0.0045404604937884516000000000000000000000,-0.0000000000000000004697808272236266900000,0.0032143686537740453000000000000000000000,0.0000000000000000004697808272236266900000,-0.0032143686537740453000000000000000000000,-0.0000000000000000005991298919409595500000,0.0026281741457984537000000000000000000000,0.0000000000000000005991298919409595500000,-0.0026281741457984537000000000000000000000,-0.0000000000000000007201688314114119200000,0.0022797542187151720000000000000000000000,0.0000000000000000007201688314114119200000,-0.0022797542187151720000000000000000000000,-0.0000000000000000008378440804255305000000,0.0020428742240083081000000000000000000000,0.0000000000000000008378440804255305000000,-0.0020428742240083081000000000000000000000},
